mass: 0.091
ixx: 0.000007583
ixy: 0
ixz: 0
iyy: 0.00002625
iyz: 0
izz: 0.000023333