mass: 14.41740320
ixx: 1.89571256
ixy: -0.00133447
ixz: 0.35487050
iyy: 2.28742555
iyz: -0.00355643
izz: 0.77269046