mass: 0.24501638
ixx: 0.00048064
ixy: 0
ixz: 0
iyy: 0.00090571
iyz: 0
izz: 0.00048064